26 554
26 12257
263 1374
263 18267
316 493
316 10192
460 554
460 1876
493 605
559 1051
559 2280
561 1069
561 1454
566 1087
566 1913
590 605
590 3865
673 1461
673 1853
707 709
707 1965
709 712
712 719
719 1128
790 1743
790 1747
791 1339
791 1731
792 1757
792 3695
793 1768
793 3911
800 1761
800 1765
834 1051
851 1872
851 1911
1051 1056
1054 1056
1054 1444
1065 1069
1065 1449
1072 1455
1072 1461
1087 1501
1126 1128
1126 2257
1337 1339
1337 1345
1345 1725
1351 1731
1351 3911
1374 1754
1444 1449
1454 1455
1501 1839
1725 1748
1739 1743
1739 3695
1747 1748
1753 1754
1753 1761
1757 1758
1758 1761
1765 2417
1768 1772
1839 1840
1840 2279
1851 1853
1851 2459
1872 1876
1872 1878
1878 1890
1890 2490
1911 1912
1912 1913
1963 1965
1963 3855
2205 2631
2205 3006
2257 2491
2261 2490
2261 2491
2278 2279
2278 2280
2416 2418
2416 2625
2417 2418
2447 2462
2447 3094
2458 2459
2458 2462
2625 4962
2631 2632
2632 2637
2637 2746
2745 2746
2745 2836
2752 2932
2752 2939
2836 2837
2837 2932
2939 3094
3006 3765
3732 3744
3732 4870
3737 4860
3737 4865
3739 3745
3739 3776
3744 3745
3760 3764
3760 3765
3764 3772
3772 3776
3855 3887
3865 3887
4452 4928
4452 4962
4860 4862
4862 4906
4865 4870
4906 4908
4908 4915
4911 4915
4911 4928
5289 5671
5289 21713
5537 6480
5537 17883
5582 5880
5582 6244
5596 5880
5671 5695
5695 5697
5697 5699
5699 5702
5701 5702
5701 5924
5924 6098
5930 6088
5930 6098
5943 6640
5943 6643
5946 7829
5946 8052
5947 6681
5947 7104
5957 7800
5957 8750
6086 6095
6086 7715
6087 6088
6087 6095
6148 6760
6148 7133
6149 7869
6149 9090
6154 7155
6154 8751
6155 7070
6155 7438
6222 6513
6222 7157
6244 6247
6246 6247
6246 6511
6337 7097
6337 7104
6480 7637
6511 6513
6629 7041
6629 7434
6631 7041
6631 7045
6636 6640
6636 7051
6643 6652
6652 7070
6681 7451
6684 7048
6684 7096
6749 6755
6749 8716
6751 6752
6751 8757
6752 6755
6760 8754
6768 6778
6768 6788
6777 6778
6777 6792
6788 8071
6790 6792
6790 6793
6793 7157
7040 7051
7040 7434
7045 7047
7047 7048
7096 7097
7131 7133
7131 7517
7155 8717
7292 7294
7292 9342
7294 7626
7295 7617
7295 7626
7438 7800
7451 7831
7517 9090
7616 7617
7616 7927
7637 7639
7639 8138
7640 8139
7640 8620
7715 8184
7829 7831
7859 8557
7859 8649
7866 7869
7866 7876
7876 8557
7896 8486
7896 8492
7903 7905
7903 8220
7905 7910
7906 7909
7906 8116
7909 7910
7912 8116
7912 8442
7919 8267
7919 8368
7927 8380
7935 7936
7935 8138
7935 8139
7936 9286
8052 8308
8069 8071
8069 8237
8181 8184
8181 9481
8220 8308
8237 8243
8239 8243
8239 8251
8251 8483
8267 8449
8361 8449
8361 8604
8368 8649
8379 8380
8379 8560
8433 8435
8433 8492
8435 8438
8438 8481
8442 8486
8481 8482
8482 8483
8510 8616
8510 9522
8559 8560
8559 8616
8603 8604
8603 8605
8605 9186
8619 8620
8619 8621
8621 8627
8627 8665
8665 9400
8716 8717
8750 8751
8754 8757
9186 9665
9286 9351
9342 9343
9343 9351
9400 9403
9401 9403
9401 9421
9421 9428
9427 9428
9427 9435
9435 9437
9437 9445
9444 9445
9444 9481
9516 9522
9516 9525
9525 9536
9536 9682
9662 9665
9662 9681
9677 9681
9677 9685
9682 9684
9684 9685
9823 10114
9895 10698
9895 10720
9916 10769
9916 10941
9917 10296
9917 10677
9941 10551
9942 10182
9942 10369
9998 10001
9998 10116
10001 10518
10009 10114
10009 10116
10034 10192
10034 10212
10182 10551
10186 10365
10186 10366
10207 10212
10207 10215
10215 10220
10215 10621
10220 10589
10296 10941
10328 10518
10328 10521
10363 10365
10363 10735
10366 10368
10368 10369
10375 10604
10375 10738
10393 10395
10393 11290
10395 10829
10440 11326
10440 11843
10501 10504
10501 10842
10504 10679
10521 10698
10576 10621
10576 10732
10589 10738
10604 10815
10667 10672
10667 10674
10669 10674
10669 10770
10672 10915
10675 10677
10675 10679
10703 10706
10703 11297
10704 10706
10704 10720
10732 10740
10735 10815
10740 10819
10748 10839
10748 10843
10767 10769
10767 10770
10819 10821
10821 11408
10829 10830
10830 10915
10835 11326
10835 11381
10839 11841
10840 10842
10840 10843
11244 11456
11244 11918
11290 11303
11295 11297
11295 11303
11380 11388
11380 11389
11381 11388
11389 11394
11390 11394
11390 11404
11404 11448
11406 11408
11406 11411
11411 11416
11416 11424
11422 11424
11422 11427
11427 11918
11448 11449
11449 11457
11453 11456
11453 11459
11457 11459
11832 11841
11832 11843
12247 12253
12247 12257
12253 12254
12254 13019
12554 14141
12554 14361
12734 13023
12734 13415
12985 13397
12985 13402
12989 14599
12989 14603
13005 13009
13005 15073
13008 13009
13008 13394
13012 15060
13012 15452
13019 13415
13023 13026
13024 13026
13024 13418
13305 13758
13305 13759
13311 14391
13311 14399
13315 14398
13315 14552
13394 13397
13402 14603
13418 15452
13758 14095
13761 14139
13761 14330
14095 14096
14096 14550
14136 14361
14136 15618
14138 14139
14138 14141
14330 14331
14331 14391
14398 14399
14550 14551
14551 14552
14595 14602
14595 15618
14599 14602
15060 15070
15069 15070
15069 15073
17235 18235
17235 19522
17236 17842
17236 18575
17238 18192
17238 18203
17240 19227
17240 19229
17331 17333
17331 17700
17373 17843
17373 18166
17390 18320
17390 18663
17393 20488
17393 20505
17511 19069
17511 19471
17576 17883
17576 18642
17700 20155
17711 19034
17711 19288
17835 18574
17835 19380
17840 17842
17840 17843
17875 18267
17875 18625
18068 18470
18068 18499
18070 18470
18070 18475
18074 18490
18074 18495
18080 18490
18080 18836
18095 18520
18095 18527
18097 18520
18097 19109
18120 18548
18120 20136
18165 18166
18165 18477
18187 18192
18187 18878
18191 18193
18191 18221
18193 18201
18201 18203
18214 18224
18214 18235
18221 18224
18266 18625
18266 18935
18293 18295
18293 18299
18295 18642
18299 18300
18300 18304
18304 18320
18323 18663
18323 20479
18475 18477
18488 19093
18488 20682
18495 18499
18524 18525
18524 18527
18525 18817
18531 19109
18531 19114
18548 18550
18550 19154
18574 18575
18728 18730
18728 19627
18730 18736
18735 18736
18735 19023
18815 18817
18815 19069
18836 19093
18871 19114
18871 19118
18877 18878
18877 19154
18922 19229
18922 20560
18935 18937
18937 19146
18969 18972
18969 20565
18972 20505
19023 19027
19027 19031
19031 19032
19032 19034
19082 19085
19082 19725
19085 19086
19086 19622
19099 19129
19099 19130
19118 19130
19129 19138
19138 19140
19140 19143
19143 19146
19146 19507
19227 19563
19288 19289
19289 19471
19323 19324
19323 19330
19324 19338
19330 19725
19338 20722
19380 19522
19432 19563
19432 20557
19506 20736
19506 20767
19507 20736
19622 19624
19624 19629
19627 19629
20136 20141
20141 20169
20145 20152
20145 20153
20152 20169
20153 20155
20456 20474
20456 20488
20472 20474
20472 20477
20477 20479
20555 20557
20555 20763
20560 20565
20681 20682
20681 21238
20704 20707
20704 21240
20707 20723
20722 20723
20757 20763
20757 21242
20767 21190
20798 20799
20798 21242
20799 21190
21238 21240
21330 21560
21330 22543
21372 21452
21375 21452
21375 21453
21392 21931
21392 22284
21433 21453
21433 22543
21475 22072
21475 22081
21477 21880
21477 22285
21556 21560
21556 22366
21570 21713
21570 21878
21874 22395
21874 22753
21878 21880
21918 22069
21918 22072
21931 22082
21985 22145
21985 22152
22051 22064
22051 22742
22062 22064
22062 22068
22068 22069
22081 22086
22082 22316
22086 22316
22145 22261
22152 22153
22153 22753
22261 22425
22284 22285
22354 22356
22354 22360
22356 22395
22360 22364
22364 22366
22412 22419
22412 22426
22418 22426
22418 22491
22419 22420
22420 22425
22488 22838
22488 22847
22491 22957
22707 22713
22707 22720
22710 22718
22710 22742
22713 22723
22718 22720
22722 22723
22722 22737
22737 22847
22830 22840
22830 23506
22838 22840
22956 22957
22956 22967
22966 22967
22966 22971
22969 22971
22969 22976
22976 23294
23273 23281
23273 23335
23281 23294
23319 23326
23319 23335
23326 23328
23328 23337
23337 23359
23357 23359
23357 23453
23439 23441
23439 23511
23441 23448
23445 23448
23445 23453
23501 23506
23501 23510
23510 23511
