28 822
28 12732
251 1750
251 18093
327 359
327 10364
340 477
340 578
341 359
341 391
391 578
456 3806
456 3845
475 477
475 858
555 822
555 1085
559 1053
559 2280
566 1087
566 1913
587 859
587 868
644 1343
644 2144
851 1085
851 1872
858 859
863 872
863 2259
868 872
1053 3241
1085 1912
1087 1501
1338 1339
1338 1751
1339 1342
1342 1343
1451 1462
1451 1842
1452 1842
1452 4475
1456 1462
1456 1857
1501 1839
1745 2150
1745 2384
1750 1751
1839 1840
1840 2279
1849 1854
1849 2231
1854 2950
1857 2473
1869 1872
1869 1883
1874 1881
1874 1887
1881 1883
1887 2259
1912 1913
2144 2391
2150 2151
2151 4854
2205 2631
2205 3006
2231 2473
2278 2279
2278 2280
2384 2391
2631 2632
2632 2637
2637 2746
2648 2931
2648 3032
2745 2746
2745 2836
2836 2837
2837 2931
2947 2950
2947 3033
3006 3763
3032 3033
3057 3768
3057 3781
3238 3240
3238 3241
3240 4475
3693 4854
3693 4985
3763 3768
3781 3788
3788 3807
3806 3807
3842 3845
3842 3847
3847 5244
4315 4967
4315 4982
4877 4889
4877 4892
4889 5244
4892 4918
4904 4909
4904 4926
4909 4918
4926 4948
4948 4949
4949 4951
4951 4953
4953 4967
4982 5000
4985 5001
4990 5000
4990 5001
5355 7126
5355 13869
5430 5615
5582 5880
5582 6244
5596 5615
5596 5880
5817 8103
5817 8312
5818 7103
5818 7107
6122 7042
6122 7043
6123 7045
6123 7048
6124 6312
6124 7419
6125 6312
6125 6314
6126 6314
6126 6316
6153 7148
6153 7150
6156 8718
6156 8973
6157 6753
6157 6756
6244 6247
6246 6247
6246 6511
6316 6748
6357 6733
6357 6760
6366 6748
6366 7150
6511 6513
6513 7160
6684 7048
6684 7449
6685 7105
6685 7449
6733 7126
6751 6753
6751 8757
6756 8718
6760 8764
6768 6778
6768 6788
6771 6788
6771 7883
6774 6784
6774 6787
6778 6784
6787 7161
6796 7158
6796 7161
6849 7888
6849 8254
7042 7421
7043 7045
7101 7103
7101 8059
7105 7107
7148 7149
7149 7154
7154 8973
7158 7160
7165 8238
7165 8242
7187 8345
7187 8493
7196 8097
7196 8109
7198 7202
7199 7201
7199 8493
7201 7202
7202 8097
7419 7421
7880 7883
7880 8238
7886 7892
7886 8329
7888 8079
7892 8079
8059 8313
8103 8109
8242 8244
8244 8329
8254 8255
8255 8256
8256 8345
8312 8313
8723 9074
8723 9580
8754 8757
8754 8764
8756 8764
8756 9579
9072 9074
9072 9758
9579 9580
9753 9758
9855 11190
9855 11516
9885 11760
9885 12063
9918 10688
9918 10792
10185 10186
10185 10364
10186 10553
10371 10555
10371 10598
10508 10682
10508 10792
10553 10555
10598 10601
10601 10607
10607 10612
10610 10612
10610 10616
10615 10616
10615 11152
10623 10822
10623 11152
10682 10897
10731 10820
10731 11875
10796 10897
10796 12011
10819 10820
10819 10822
11149 11165
11149 11190
11150 11165
11150 11463
11462 11463
11462 11477
11476 11477
11476 11479
11479 11485
11485 12011
11516 11518
11518 11555
11536 11621
11536 11658
11545 11562
11545 11602
11555 11562
11576 11602
11576 11621
11658 11663
11663 11664
11664 11680
11673 11690
11673 11710
11676 11680
11676 11690
11710 11760
11860 11875
11860 11889
11865 11866
11865 11908
11866 11890
11881 11904
11881 11908
11889 11890
11901 11905
11903 11905
11903 12055
11904 11905
11998 12000
11998 12008
12000 12002
12002 12063
12008 12046
12044 12046
12044 12051
12051 12055
12096 12221
12096 21731
12133 12450
12133 12607
12199 12221
12199 12307
12307 12448
12448 12450
12517 14469
12517 14470
12565 12732
12565 13025
12607 12608
12608 15026
12631 13144
12631 15310
12633 13544
12633 13547
12724 13011
12724 13406
12735 13027
12735 13417
12999 13002
12999 13389
13001 13002
13001 13007
13007 13009
13008 13009
13008 13403
13011 13027
13023 13025
13023 13026
13023 13813
13026 13417
13138 13139
13138 14235
13139 13140
13140 13535
13144 15300
13145 13147
13145 15300
13147 13161
13159 13163
13159 13548
13161 13544
13163 13556
13389 13406
13398 13400
13398 13401
13400 13403
13401 14604
13416 13813
13416 15046
13480 13869
13480 13913
13535 14454
13547 13548
13556 13913
13714 14018
13714 14120
14118 14120
14118 14357
14232 14465
14232 14469
14234 14235
14234 14465
14357 14983
14454 14455
14455 15315
14470 14475
14474 14475
14474 15814
14570 14571
14570 14575
14571 14584
14575 14614
14584 14588
14588 14592
14592 14594
14594 14605
14604 14605
14614 14616
14616 14732
14724 14726
14724 16773
14726 14732
14903 15824
14903 15846
14956 14982
14956 15818
14982 14983
15024 15027
15024 15050
15026 15050
15027 15033
15033 15036
15035 15036
15035 15046
15310 15317
15315 15317
15341 15346
15341 15350
15343 15346
15343 15774
15350 15355
15355 15844
15773 15774
15773 16821
15790 15800
15790 15814
15798 15800
15798 15821
15808 15813
15808 15818
15813 15823
15821 15825
15823 15825
15824 15825
15842 15844
15842 15846
15863 16802
15863 16825
16768 16770
16768 16773
16770 16795
16792 16795
16792 16796
16793 16796
16793 16802
16821 16824
16824 16825
17075 17091
17075 17332
17134 19157
17134 20143
17136 18205
17136 18210
17226 18833
17226 19559
17331 17332
17331 17700
17511 19301
17511 19471
17700 20155
17711 19034
17711 19288
17781 18093
17781 18522
18205 18206
18206 18222
18207 18210
18207 19518
18219 18223
18219 18239
18222 18223
18239 19183
18491 19091
18491 19348
18522 18527
18526 18527
18526 18858
18556 19524
18556 19656
18754 19713
18754 20640
18757 20640
18757 21244
18779 18788
18779 19466
18788 18803
18791 18793
18791 18797
18793 18803
18797 18805
18805 19591
18833 19091
18835 19093
18835 19347
18858 19487
18874 19168
18874 19650
19042 19043
19042 21244
19043 19277
19088 19347
19088 19348
19093 19277
19152 19157
19152 19164
19160 19164
19160 19166
19166 19168
19183 19185
19185 19656
19197 19529
19197 19661
19288 19289
19289 19471
19301 19311
19309 19311
19309 19313
19309 19484
19313 19612
19414 19550
19414 19559
19466 19701
19484 20847
19487 19612
19517 19641
19517 19650
19518 19641
19524 19661
19529 19662
19531 19545
19531 19551
19537 19545
19537 19662
19550 19551
19590 19745
19590 19882
19591 19745
19701 19707
19707 19714
19713 19764
19714 19764
19849 20816
19849 20828
19850 19870
19850 20817
19870 19872
19871 19872
19871 19882
20134 20143
20134 20172
20153 20154
20153 20155
20154 20173
20162 20172
20162 20173
20816 20817
20824 20828
20824 20841
20833 20837
20833 20841
20837 20838
20838 20847
21587 21731
21587 21741
21741 21906
21905 21906
21905 22028
21974 22031
21974 22184
22028 22029
22029 22031
22158 22260
22158 22369
22184 22955
22260 22982
22311 22828
22311 22853
22368 22369
22368 22402
22375 22402
22375 22408
22406 22408
22406 22915
22424 22449
22424 22495
22428 22449
22428 22451
22441 22843
22441 22955
22448 22495
22448 22496
22451 22456
22453 22457
22453 23197
22456 22457
22496 22981
22783 22791
22783 22809
22793 22809
22793 22829
22828 22829
22829 22831
22831 22840
22840 23503
22843 22853
22908 22914
22914 22921
22915 22921
22981 22982
23196 23197
23196 23498
23217 23276
23217 23495
23275 23276
23275 23288
23286 23288
23286 23298
23298 23320
23320 23333
23327 23337
23327 23362
23333 23337
23361 23362
23361 23442
23377 23458
23377 23504
23416 23449
23416 23458
23427 23431
23427 23442
23428 23431
23428 23449
23495 23498
23503 23504
